0.345408 1.81794
0.256 1.80764
0.166592 1.79733
0.077184 1.78703
-0.012224 1.77672
-0.101632 1.76642
-0.19104 1.75611
-0.273746 1.72062
-0.356741 1.68581
-0.41036 1.61352
-0.363041 1.53697
-0.278789 1.50532
-0.248473 1.42058
-0.26205 1.33161
-0.304031 1.252
-0.220881 1.21756
-0.1325 1.20057
-0.106287 1.11447
-0.01922 1.13726
0.070097 1.14832
0.128268 1.07965
0.181308 1.00694
0.27005 0.991949
0.251156 0.903954
0.232261 0.81596
0.213367 0.727966
0.194472 0.639972
0.175578 0.551977
0.156683 0.463983
0.137789 0.375989
0.118894 0.287994
