0.452346 1.82793
0.410078 1.85464
0.367363 1.88063
0.324212 1.90589
0.280633 1.9304
0.236631 1.95415
0.192209 1.9771
0.14737 1.99922
0.102115 2.02048
0.0564423 2.04083
0.0103515 2.06021
-0.0361602 2.07856
-0.0830967 2.09579
-0.130463 2.11181
-0.178264 2.12647
-0.226505 2.13961
-0.275188 2.15102
-0.324306 2.16037
-0.37383 2.16725
-0.423685 2.17105
-0.473684 2.17088
-0.523379 2.16537
-0.571699 2.15251
-0.616284 2.12988
-0.653283 2.09625
-0.679588 2.05373
-0.695279 2.00625
-0.702448 1.95677
-0.703292 1.90678
-0.699485 1.85692
-0.692195 1.80746
-0.682233 1.75846
-0.670168 1.70994
-0.656411 1.66187
-0.641264 1.61422
-0.624955 1.56695
-0.607661 1.52004
-0.58952 1.47344
-0.570641 1.42714
-0.551113 1.38112
-0.53101 1.33533
-0.510391 1.28978
-0.489306 1.24445
-0.467798 1.19931
-0.445902 1.15436
-0.423649 1.10958
-0.401064 1.06498
-0.378171 1.02052
-0.354988 0.976224
-0.331533 0.932066
-0.30782 0.888047
-0.283862 0.844161
-0.25967 0.800403
-0.235254 0.75677
-0.210621 0.713259
-0.185779 0.669866
-0.160735 0.626591
-0.135494 0.58343
-0.11006 0.540382
-0.0844376 0.497446
-0.0586295 0.454621
-0.0326387 0.411907
-0.00646723 0.369304
0.0198833 0.326811
0.0464118 0.284429
0.0731175 0.242158
0.1 0.2
