0.102099 0.209777
0.104199 0.219554
0.106298 0.229331
0.108398 0.239109
0.110497 0.248886
0.112596 0.258663
0.114696 0.26844
0.116795 0.278217
0.118894 0.287994
0.120994 0.297771
0.123093 0.307549
0.125193 0.317326
0.127292 0.327103
0.129391 0.33688
0.131491 0.346657
0.13359 0.356434
0.13569 0.366211
0.137789 0.375989
0.139888 0.385766
0.141988 0.395543
0.144087 0.40532
0.146187 0.415097
0.148286 0.424874
0.150385 0.434651
0.152485 0.444429
0.154584 0.454206
0.156683 0.463983
0.158783 0.47376
0.160882 0.483537
0.162982 0.493314
0.165081 0.503092
0.16718 0.512869
0.16928 0.522646
0.171379 0.532423
0.173479 0.5422
0.175578 0.551977
0.177677 0.561754
0.179777 0.571532
0.181876 0.581309
0.183975 0.591086
0.186075 0.600863
0.188174 0.61064
0.190274 0.620417
0.192373 0.630194
0.194472 0.639972
0.196572 0.649749
0.198671 0.659526
0.200771 0.669303
0.20287 0.67908
0.204969 0.688857
0.207069 0.698634
0.209168 0.708412
0.211268 0.718189
0.213367 0.727966
0.215466 0.737743
0.217566 0.74752
0.219665 0.757297
0.221764 0.767074
0.223864 0.776852
0.225963 0.786629
0.228063 0.796406
0.230162 0.806183
0.232261 0.81596
0.234361 0.825737
0.23646 0.835514
0.23856 0.845292
0.240659 0.855069
0.242758 0.864846
0.244858 0.874623
0.246957 0.8844
0.249056 0.894177
0.251156 0.903954
0.253255 0.913732
0.255355 0.923509
0.257454 0.933286
0.259553 0.943063
0.261653 0.95284
0.263752 0.962617
0.265852 0.972394
0.267951 0.982172
0.27005 0.991949
0.27215 1.00173
0.274249 1.0115
0.276349 1.02128
0.278448 1.03106
0.280547 1.04083
0.282647 1.05061
0.284746 1.06039
0.286845 1.07017
0.288945 1.07994
0.291044 1.08972
0.293144 1.0995
0.295243 1.10927
0.297342 1.11905
0.299442 1.12883
0.301541 1.13861
0.303641 1.14838
0.30574 1.15816
0.307839 1.16794
0.309939 1.17771
0.312038 1.18749
0.314137 1.19727
0.316237 1.20705
0.318336 1.21682
0.320436 1.2266
0.322535 1.23638
0.324634 1.24615
0.326734 1.25593
0.328833 1.26571
0.330933 1.27549
0.333032 1.28526
0.335131 1.29504
0.337231 1.30482
0.33933 1.31459
0.34143 1.32437
0.343529 1.33415
0.345628 1.34393
0.347728 1.3537
0.349827 1.36348
0.351926 1.37326
0.354026 1.38303
0.356125 1.39281
0.358225 1.40259
0.360324 1.41237
0.362423 1.42214
0.364523 1.43192
0.366622 1.4417
0.368722 1.45147
0.370821 1.46125
0.37292 1.47103
0.37502 1.48081
0.377119 1.49058
0.379218 1.50036
0.381318 1.51014
0.383417 1.51991
0.385517 1.52969
0.387616 1.53947
0.389715 1.54925
0.391815 1.55902
0.393914 1.5688
0.396014 1.57858
0.398113 1.58835
0.400212 1.59813
0.402312 1.60791
0.404411 1.61769
0.406511 1.62746
0.40861 1.63724
0.410709 1.64702
0.412809 1.65679
0.414908 1.66657
0.417007 1.67635
0.419107 1.68613
0.421206 1.6959
0.423306 1.70568
0.425405 1.71546
0.427504 1.72523
0.429604 1.73501
0.431703 1.74479
0.433803 1.75457
0.435902 1.76434
0.438001 1.77412
0.440101 1.7839
0.4422 1.79367
0.444299 1.80345
0.446399 1.81323
